# Simulation parameters
{
    'n_charges': 48,
    'ring_radius': 2e-09,
    'charge_ring': 3.84e-18,
    'electron_position': [3e-10, 0.0, 0.0],
    'electron_velocity': [0.0, 3500000.0, 0.0],
    'dt': 5e-17,
    't_max': 3e-12,
    'electron_mass': 9.10938356e-31,
    'electron_charge': -1.602176634e-19,
    'k': 8987551792.3
}
